Accuracy : 0.8036
Precision: 0.8067770598288546
Recall   : 0.8036
F1 Score : 0.8031734683664076
